Trial,Learner,primary.AOI,prop,max_prop,sum_prop,min_prop
1,no,AB,0.102124033632814,0.246062581744653,1.03559955394601,0.0313411776269733
1,no,AC,0.130832482473022,0.246062581744653,1.03559955394601,0.0313411776269733
1,no,BC,0.246062581744653,0.246062581744653,1.03559955394601,0.0313411776269733
1,no,BD,0.135615270735909,0.246062581744653,1.03559955394601,0.0313411776269733
1,no,CD,0.0575803433650732,0.246062581744653,1.03559955394601,0.0313411776269733
1,no,JointA,0.0313411776269733,0.246062581744653,1.03559955394601,0.0313411776269733
1,no,JointB,0.180973968199487,0.246062581744653,1.03559955394601,0.0313411776269733
1,no,JointC,0.11187589170873,0.246062581744653,1.03559955394601,0.0313411776269733
1,no,JointD,0.039193804459349,0.246062581744653,1.03559955394601,0.0313411776269733
1,yes,AB,0.0959408681435736,0.292925694122455,1.06739669877167,0.0169491525423729
1,yes,AC,0.107286279499244,0.292925694122455,1.06739669877167,0.0169491525423729
1,yes,BC,0.292925694122455,0.292925694122455,1.06739669877167,0.0169491525423729
1,yes,BD,0.138039930538095,0.292925694122455,1.06739669877167,0.0169491525423729
1,yes,CD,0.0572986005865341,0.292925694122455,1.06739669877167,0.0169491525423729
1,yes,DE,0.0169491525423729,0.292925694122455,1.06739669877167,0.0169491525423729
1,yes,JointA,0.0345814226715092,0.292925694122455,1.06739669877167,0.0169491525423729
1,yes,JointB,0.146450587701333,0.292925694122455,1.06739669877167,0.0169491525423729
1,yes,JointC,0.136511454368759,0.292925694122455,1.06739669877167,0.0169491525423729
1,yes,JointD,0.0414127085977911,0.292925694122455,1.06739669877167,0.0169491525423729
2,no,AB,0.0189017210951173,0.212427641191131,1.12850510321582,0.0140845070422535
2,no,AC,0.0140845070422535,0.212427641191131,1.12850510321582,0.0140845070422535
2,no,AD,0.0319228447466501,0.212427641191131,1.12850510321582,0.0140845070422535
2,no,BC,0.0359262408483848,0.212427641191131,1.12850510321582,0.0140845070422535
2,no,BD,0.147021909821013,0.212427641191131,1.12850510321582,0.0140845070422535
2,no,CD,0.212427641191131,0.212427641191131,1.12850510321582,0.0140845070422535
2,no,CE,0.0331444382595458,0.212427641191131,1.12850510321582,0.0140845070422535
2,no,DE,0.0637768190905083,0.212427641191131,1.12850510321582,0.0140845070422535
2,no,DF,0.102789040821153,0.212427641191131,1.12850510321582,0.0140845070422535
2,no,EF,0.0184370265588007,0.212427641191131,1.12850510321582,0.0140845070422535
2,no,JointA,0.0178710178710179,0.212427641191131,1.12850510321582,0.0140845070422535
2,no,JointB,0.0703821762603519,0.212427641191131,1.12850510321582,0.0140845070422535
2,no,JointC,0.115745304931318,0.212427641191131,1.12850510321582,0.0140845070422535
2,no,JointD,0.13951466391612,0.212427641191131,1.12850510321582,0.0140845070422535
2,no,JointE,0.0431818120656273,0.212427641191131,1.12850510321582,0.0140845070422535
2,no,JointF,0.0633779386968262,0.212427641191131,1.12850510321582,0.0140845070422535
2,yes,AB,0.016511798552098,0.201012317028478,1.08829120803273,0.0103799278125303
2,yes,AC,0.0217391304347826,0.201012317028478,1.08829120803273,0.0103799278125303
2,yes,AD,0.0210085265599165,0.201012317028478,1.08829120803273,0.0103799278125303
2,yes,BC,0.0494005319197992,0.201012317028478,1.08829120803273,0.0103799278125303
2,yes,BD,0.122015069162449,0.201012317028478,1.08829120803273,0.0103799278125303
2,yes,CD,0.201012317028478,0.201012317028478,1.08829120803273,0.0103799278125303
2,yes,CE,0.0584560599463566,0.201012317028478,1.08829120803273,0.0103799278125303
2,yes,DE,0.0567018029918267,0.201012317028478,1.08829120803273,0.0103799278125303
2,yes,DF,0.0796764231017075,0.201012317028478,1.08829120803273,0.0103799278125303
2,yes,EF,0.037053034640885,0.201012317028478,1.08829120803273,0.0103799278125303
2,yes,JointA,0.0103799278125303,0.201012317028478,1.08829120803273,0.0103799278125303
2,yes,JointB,0.0811721075040348,0.201012317028478,1.08829120803273,0.0103799278125303
2,yes,JointC,0.0960864838015418,0.201012317028478,1.08829120803273,0.0103799278125303
2,yes,JointD,0.13138946947985,0.201012317028478,1.08829120803273,0.0103799278125303
2,yes,JointE,0.0668501815205771,0.201012317028478,1.08829120803273,0.0103799278125303
2,yes,JointF,0.0388383435758927,0.201012317028478,1.08829120803273,0.0103799278125303
3,no,AB,0.0890731638597493,0.147599701437727,1.07450935154854,0.0192527201649968
3,no,AD,0.0192527201649968,0.147599701437727,1.07450935154854,0.0192527201649968
3,no,BC,0.0425131316695358,0.147599701437727,1.07450935154854,0.0192527201649968
3,no,BD,0.0235894524221858,0.147599701437727,1.07450935154854,0.0192527201649968
3,no,CD,0.0577626247114501,0.147599701437727,1.07450935154854,0.0192527201649968
3,no,CE,0.147599701437727,0.147599701437727,1.07450935154854,0.0192527201649968
3,no,CF,0.0535683567501662,0.147599701437727,1.07450935154854,0.0192527201649968
3,no,DE,0.0342135474051638,0.147599701437727,1.07450935154854,0.0192527201649968
3,no,EF,0.123802916718779,0.147599701437727,1.07450935154854,0.0192527201649968
3,no,EG,0.0301809756231911,0.147599701437727,1.07450935154854,0.0192527201649968
3,no,FG,0.0344984063217022,0.147599701437727,1.07450935154854,0.0192527201649968
3,no,JointA,0.0238511426679412,0.147599701437727,1.07450935154854,0.0192527201649968
3,no,JointB,0.0717633535829564,0.147599701437727,1.07450935154854,0.0192527201649968
3,no,JointC,0.107112763002432,0.147599701437727,1.07450935154854,0.0192527201649968
3,no,JointD,0.0326460972951721,0.147599701437727,1.07450935154854,0.0192527201649968
3,no,JointE,0.0766029601742391,0.147599701437727,1.07450935154854,0.0192527201649968
3,no,JointF,0.0746010094574621,0.147599701437727,1.07450935154854,0.0192527201649968
3,no,JointG,0.0318770282836858,0.147599701437727,1.07450935154854,0.0192527201649968
3,yes,AB,0.0738434080693061,0.16118025081272,1.19257517301214,0.011287254280279
3,yes,AC,0.1,0.16118025081272,1.19257517301214,0.011287254280279
3,yes,AD,0.0143309603727214,0.16118025081272,1.19257517301214,0.011287254280279
3,yes,BC,0.0608352950478612,0.16118025081272,1.19257517301214,0.011287254280279
3,yes,BD,0.0552485012631993,0.16118025081272,1.19257517301214,0.011287254280279
3,yes,CD,0.0716311256696215,0.16118025081272,1.19257517301214,0.011287254280279
3,yes,CE,0.16118025081272,0.16118025081272,1.19257517301214,0.011287254280279
3,yes,CF,0.0534724201335136,0.16118025081272,1.19257517301214,0.011287254280279
3,yes,DE,0.0227471367117643,0.16118025081272,1.19257517301214,0.011287254280279
3,yes,DF,0.011287254280279,0.16118025081272,1.19257517301214,0.011287254280279
3,yes,EF,0.124004974283111,0.16118025081272,1.19257517301214,0.011287254280279
3,yes,EG,0.0286580373303085,0.16118025081272,1.19257517301214,0.011287254280279
3,yes,FG,0.0294196938735688,0.16118025081272,1.19257517301214,0.011287254280279
3,yes,JointA,0.0169799340693369,0.16118025081272,1.19257517301214,0.011287254280279
3,yes,JointB,0.068629059529814,0.16118025081272,1.19257517301214,0.011287254280279
3,yes,JointC,0.0786729919807885,0.16118025081272,1.19257517301214,0.011287254280279
3,yes,JointD,0.0446153559195308,0.16118025081272,1.19257517301214,0.011287254280279
3,yes,JointE,0.0779470940434042,0.16118025081272,1.19257517301214,0.011287254280279
3,yes,JointF,0.0765802134252849,0.16118025081272,1.19257517301214,0.011287254280279
3,yes,JointG,0.022491466196011,0.16118025081272,1.19257517301214,0.011287254280279
4,no,AB,0.143474162566455,0.18820878918242,1.17472702427136,0.00852941176470588
4,no,AC,0.0114942528735632,0.18820878918242,1.17472702427136,0.00852941176470588
4,no,AD,0.0301262626262626,0.18820878918242,1.17472702427136,0.00852941176470588
4,no,BC,0.0339144184922582,0.18820878918242,1.17472702427136,0.00852941176470588
4,no,BD,0.18794980402739,0.18820878918242,1.17472702427136,0.00852941176470588
4,no,BE,0.0564683834308581,0.18820878918242,1.17472702427136,0.00852941176470588
4,no,CE,0.0352613133583076,0.18820878918242,1.17472702427136,0.00852941176470588
4,no,CF,0.028293539906116,0.18820878918242,1.17472702427136,0.00852941176470588
4,no,DE,0.0202138510576644,0.18820878918242,1.17472702427136,0.00852941176470588
4,no,EF,0.0410350346070427,0.18820878918242,1.17472702427136,0.00852941176470588
4,no,EG,0.0294392453951277,0.18820878918242,1.17472702427136,0.00852941176470588
4,no,FG,0.0921947723037987,0.18820878918242,1.17472702427136,0.00852941176470588
4,no,FH,0.0189942084059731,0.18820878918242,1.17472702427136,0.00852941176470588
4,no,GH,0.0351731601731602,0.18820878918242,1.17472702427136,0.00852941176470588
4,no,JointA,0.0196621230077112,0.18820878918242,1.17472702427136,0.00852941176470588
4,no,JointB,0.18820878918242,0.18820878918242,1.17472702427136,0.00852941176470588
4,no,JointC,0.0181321643479351,0.18820878918242,1.17472702427136,0.00852941176470588
4,no,JointD,0.0641890929669834,0.18820878918242,1.17472702427136,0.00852941176470588
4,no,JointE,0.044599205667495,0.18820878918242,1.17472702427136,0.00852941176470588
4,no,JointF,0.0421479759816474,0.18820878918242,1.17472702427136,0.00852941176470588
4,no,JointG,0.025225852128489,0.18820878918242,1.17472702427136,0.00852941176470588
4,no,JointH,0.00852941176470588,0.18820878918242,1.17472702427136,0.00852941176470588
4,yes,AB,0.0945882117037235,0.166064148513772,1.23204497424331,0.0103528599775688
4,yes,AC,0.0103528599775688,0.166064148513772,1.23204497424331,0.0103528599775688
4,yes,AD,0.0214560380391007,0.166064148513772,1.23204497424331,0.0103528599775688
4,yes,BC,0.0282987675127658,0.166064148513772,1.23204497424331,0.0103528599775688
4,yes,BD,0.166064148513772,0.166064148513772,1.23204497424331,0.0103528599775688
4,yes,BE,0.0861014799619563,0.166064148513772,1.23204497424331,0.0103528599775688
4,yes,CD,0.0344827586206897,0.166064148513772,1.23204497424331,0.0103528599775688
4,yes,CE,0.043156048195112,0.166064148513772,1.23204497424331,0.0103528599775688
4,yes,CF,0.0185994154200494,0.166064148513772,1.23204497424331,0.0103528599775688
4,yes,DE,0.0257349475093922,0.166064148513772,1.23204497424331,0.0103528599775688
4,yes,DF,0.0919540229885057,0.166064148513772,1.23204497424331,0.0103528599775688
4,yes,EF,0.0526617982544449,0.166064148513772,1.23204497424331,0.0103528599775688
4,yes,EG,0.0150123005473901,0.166064148513772,1.23204497424331,0.0103528599775688
4,yes,FG,0.0843878071440059,0.166064148513772,1.23204497424331,0.0103528599775688
4,yes,FH,0.0228027636557477,0.166064148513772,1.23204497424331,0.0103528599775688
4,yes,GH,0.0167179267730473,0.166064148513772,1.23204497424331,0.0103528599775688
4,yes,JointA,0.0176296723206215,0.166064148513772,1.23204497424331,0.0103528599775688
4,yes,JointB,0.164494456241248,0.166064148513772,1.23204497424331,0.0103528599775688
4,yes,JointC,0.023947348783224,0.166064148513772,1.23204497424331,0.0103528599775688
4,yes,JointD,0.0549838547305701,0.166064148513772,1.23204497424331,0.0103528599775688
4,yes,JointE,0.0576695303862074,0.166064148513772,1.23204497424331,0.0103528599775688
4,yes,JointF,0.0455131602461056,0.166064148513772,1.23204497424331,0.0103528599775688
4,yes,JointG,0.0359496661796002,0.166064148513772,1.23204497424331,0.0103528599775688
4,yes,JointH,0.0194859905384594,0.166064148513772,1.23204497424331,0.0103528599775688
5,no,AB,0.0175658222817872,0.193354696329942,1.2308400167465,0.0116946879587329
5,no,AD,0.051953933747412,0.193354696329942,1.2308400167465,0.0116946879587329
5,no,BC,0.046080656367644,0.193354696329942,1.2308400167465,0.0116946879587329
5,no,BD,0.0369381990362331,0.193354696329942,1.2308400167465,0.0116946879587329
5,no,BE,0.0518667629749502,0.193354696329942,1.2308400167465,0.0116946879587329
5,no,CE,0.193354696329942,0.193354696329942,1.2308400167465,0.0116946879587329
5,no,CF,0.136623749755781,0.193354696329942,1.2308400167465,0.0116946879587329
5,no,DE,0.126464326191208,0.193354696329942,1.2308400167465,0.0116946879587329
5,no,EF,0.0360373455223739,0.193354696329942,1.2308400167465,0.0116946879587329
5,no,EG,0.0391795917880776,0.193354696329942,1.2308400167465,0.0116946879587329
5,no,FG,0.0292922410451903,0.193354696329942,1.2308400167465,0.0116946879587329
5,no,FH,0.0384420095984227,0.193354696329942,1.2308400167465,0.0116946879587329
5,no,GH,0.0176323756867906,0.193354696329942,1.2308400167465,0.0116946879587329
5,no,JointA,0.0142857142857143,0.193354696329942,1.2308400167465,0.0116946879587329
5,no,JointB,0.0249399200918759,0.193354696329942,1.2308400167465,0.0116946879587329
5,no,JointC,0.0961028053191725,0.193354696329942,1.2308400167465,0.0116946879587329
5,no,JointD,0.0383150391434824,0.193354696329942,1.2308400167465,0.0116946879587329
5,no,JointE,0.129563463803355,0.193354696329942,1.2308400167465,0.0116946879587329
5,no,JointF,0.057225372827442,0.193354696329942,1.2308400167465,0.0116946879587329
5,no,JointG,0.0116946879587329,0.193354696329942,1.2308400167465,0.0116946879587329
5,no,JointH,0.0372813029909135,0.193354696329942,1.2308400167465,0.0116946879587329
5,yes,AB,0.0143683597614928,0.195746678960969,1.18578931710724,0.0143683597614928
5,yes,AD,0.0177126731057599,0.195746678960969,1.18578931710724,0.0143683597614928
5,yes,BC,0.0353616955654558,0.195746678960969,1.18578931710724,0.0143683597614928
5,yes,BD,0.0166448872615732,0.195746678960969,1.18578931710724,0.0143683597614928
5,yes,BE,0.0356003836488779,0.195746678960969,1.18578931710724,0.0143683597614928
5,yes,CD,0.0731707317073171,0.195746678960969,1.18578931710724,0.0143683597614928
5,yes,CE,0.195746678960969,0.195746678960969,1.18578931710724,0.0143683597614928
5,yes,CF,0.113902966416555,0.195746678960969,1.18578931710724,0.0143683597614928
5,yes,DE,0.111267758774067,0.195746678960969,1.18578931710724,0.0143683597614928
5,yes,EF,0.0527388293128278,0.195746678960969,1.18578931710724,0.0143683597614928
5,yes,EG,0.0398065029370651,0.195746678960969,1.18578931710724,0.0143683597614928
5,yes,FG,0.0349014399566641,0.195746678960969,1.18578931710724,0.0143683597614928
5,yes,FH,0.0219611282057972,0.195746678960969,1.18578931710724,0.0143683597614928
5,yes,GH,0.0249181812890721,0.195746678960969,1.18578931710724,0.0143683597614928
5,yes,JointA,0.0177855194610677,0.195746678960969,1.18578931710724,0.0143683597614928
5,yes,JointB,0.0218141263405883,0.195746678960969,1.18578931710724,0.0143683597614928
5,yes,JointC,0.0652590730303067,0.195746678960969,1.18578931710724,0.0143683597614928
5,yes,JointD,0.0282915103569527,0.195746678960969,1.18578931710724,0.0143683597614928
5,yes,JointE,0.167868350903788,0.195746678960969,1.18578931710724,0.0143683597614928
5,yes,JointF,0.0463996274046677,0.195746678960969,1.18578931710724,0.0143683597614928
5,yes,JointG,0.024802280893213,0.195746678960969,1.18578931710724,0.0143683597614928
5,yes,JointH,0.0254666118131665,0.195746678960969,1.18578931710724,0.0143683597614928
6,no,AB,0.0223163076135485,0.121349768510228,1.10511439212423,0.0174147580723665
6,no,AD,0.021166337815756,0.121349768510228,1.10511439212423,0.0174147580723665
6,no,BC,0.119659134166129,0.121349768510228,1.10511439212423,0.0174147580723665
6,no,BD,0.0499946055169351,0.121349768510228,1.10511439212423,0.0174147580723665
6,no,CD,0.0617573661709622,0.121349768510228,1.10511439212423,0.0174147580723665
6,no,CE,0.121349768510228,0.121349768510228,1.10511439212423,0.0174147580723665
6,no,CF,0.0597523648372102,0.121349768510228,1.10511439212423,0.0174147580723665
6,no,DE,0.097978551435261,0.121349768510228,1.10511439212423,0.0174147580723665
6,no,EF,0.0567740902704672,0.121349768510228,1.10511439212423,0.0174147580723665
6,no,EG,0.0251046441588409,0.121349768510228,1.10511439212423,0.0174147580723665
6,no,FG,0.0397589412197972,0.121349768510228,1.10511439212423,0.0174147580723665
6,no,JointA,0.0174147580723665,0.121349768510228,1.10511439212423,0.0174147580723665
6,no,JointB,0.0961870295033665,0.121349768510228,1.10511439212423,0.0174147580723665
6,no,JointC,0.0976659478755188,0.121349768510228,1.10511439212423,0.0174147580723665
6,no,JointD,0.0551148071200201,0.121349768510228,1.10511439212423,0.0174147580723665
6,no,JointE,0.0619136585741668,0.121349768510228,1.10511439212423,0.0174147580723665
6,no,JointF,0.0751565779427415,0.121349768510228,1.10511439212423,0.0174147580723665
6,no,JointG,0.0260495013209109,0.121349768510228,1.10511439212423,0.0174147580723665
6,yes,AB,0.0131200730457475,0.132639323661874,1.0770148215585,0.0086800017677558
6,yes,AD,0.0126797855543836,0.132639323661874,1.0770148215585,0.0086800017677558
6,yes,BC,0.11210756361069,0.132639323661874,1.0770148215585,0.0086800017677558
6,yes,BD,0.0490495505320052,0.132639323661874,1.0770148215585,0.0086800017677558
6,yes,BE,0.0340136054421769,0.132639323661874,1.0770148215585,0.0086800017677558
6,yes,CD,0.0764489071366454,0.132639323661874,1.0770148215585,0.0086800017677558
6,yes,CE,0.132639323661874,0.132639323661874,1.0770148215585,0.0086800017677558
6,yes,CF,0.0616930693166017,0.132639323661874,1.0770148215585,0.0086800017677558
6,yes,DE,0.0664489819709284,0.132639323661874,1.0770148215585,0.0086800017677558
6,yes,EF,0.0544992824946762,0.132639323661874,1.0770148215585,0.0086800017677558
6,yes,EG,0.0144427093777062,0.132639323661874,1.0770148215585,0.0086800017677558
6,yes,FG,0.0244874637500707,0.132639323661874,1.0770148215585,0.0086800017677558
6,yes,HL,0.0101010101010101,0.132639323661874,1.0770148215585,0.0086800017677558
6,yes,JointA,0.0086800017677558,0.132639323661874,1.0770148215585,0.0086800017677558
6,yes,JointB,0.0842565074947304,0.132639323661874,1.0770148215585,0.0086800017677558
6,yes,JointC,0.0951834289065798,0.132639323661874,1.0770148215585,0.0086800017677558
6,yes,JointD,0.0522852038845185,0.132639323661874,1.0770148215585,0.0086800017677558
6,yes,JointE,0.0800141954094358,0.132639323661874,1.0770148215585,0.0086800017677558
6,yes,JointF,0.0837528321718216,0.132639323661874,1.0770148215585,0.0086800017677558
6,yes,JointG,0.0111113259291415,0.132639323661874,1.0770148215585,0.0086800017677558
7,no,AB,0.0243425139845263,0.108158583706889,1.05492351232191,0.0115333128289749
7,no,AD,0.0697083342551013,0.108158583706889,1.05492351232191,0.0115333128289749
7,no,BC,0.0381387592899084,0.108158583706889,1.05492351232191,0.0115333128289749
7,no,BD,0.0663774895179402,0.108158583706889,1.05492351232191,0.0115333128289749
7,no,CD,0.0343393818316355,0.108158583706889,1.05492351232191,0.0115333128289749
7,no,CE,0.0531132040197643,0.108158583706889,1.05492351232191,0.0115333128289749
7,no,CF,0.106712194758711,0.108158583706889,1.05492351232191,0.0115333128289749
7,no,DE,0.108158583706889,0.108158583706889,1.05492351232191,0.0115333128289749
7,no,EF,0.051521533181083,0.108158583706889,1.05492351232191,0.0115333128289749
7,no,EG,0.0437658208316364,0.108158583706889,1.05492351232191,0.0115333128289749
7,no,FG,0.0228488953017724,0.108158583706889,1.05492351232191,0.0115333128289749
7,no,JointA,0.0115333128289749,0.108158583706889,1.05492351232191,0.0115333128289749
7,no,JointB,0.0995746500285182,0.108158583706889,1.05492351232191,0.0115333128289749
7,no,JointC,0.0439448439742114,0.108158583706889,1.05492351232191,0.0115333128289749
7,no,JointD,0.0752966051353678,0.108158583706889,1.05492351232191,0.0115333128289749
7,no,JointE,0.0693443828217757,0.108158583706889,1.05492351232191,0.0115333128289749
7,no,JointF,0.108140419279597,0.108158583706889,1.05492351232191,0.0115333128289749
7,no,JointG,0.0280625875744999,0.108158583706889,1.05492351232191,0.0115333128289749
7,yes,AB,0.0211399975072739,0.107511307236706,1.10825892350435,0.00969802282440239
7,yes,AD,0.0842973412592399,0.107511307236706,1.10825892350435,0.00969802282440239
7,yes,BC,0.051992365673139,0.107511307236706,1.10825892350435,0.00969802282440239
7,yes,BD,0.0933695384412607,0.107511307236706,1.10825892350435,0.00969802282440239
7,yes,BE,0.0465116279069767,0.107511307236706,1.10825892350435,0.00969802282440239
7,yes,CD,0.0474834746332282,0.107511307236706,1.10825892350435,0.00969802282440239
7,yes,CE,0.0381377866550041,0.107511307236706,1.10825892350435,0.00969802282440239
7,yes,CF,0.0753271671450051,0.107511307236706,1.10825892350435,0.00969802282440239
7,yes,DE,0.107511307236706,0.107511307236706,1.10825892350435,0.00969802282440239
7,yes,EF,0.0868348252196954,0.107511307236706,1.10825892350435,0.00969802282440239
7,yes,EG,0.0291039437907203,0.107511307236706,1.10825892350435,0.00969802282440239
7,yes,FG,0.0187361263304469,0.107511307236706,1.10825892350435,0.00969802282440239
7,yes,JointA,0.00969802282440239,0.107511307236706,1.10825892350435,0.00969802282440239
7,yes,JointB,0.0934419997758681,0.107511307236706,1.10825892350435,0.00969802282440239
7,yes,JointC,0.0288567156838462,0.107511307236706,1.10825892350435,0.00969802282440239
7,yes,JointD,0.0956603844330639,0.107511307236706,1.10825892350435,0.00969802282440239
7,yes,JointE,0.0712081403193714,0.107511307236706,1.10825892350435,0.00969802282440239
7,yes,JointF,0.0946769971748428,0.107511307236706,1.10825892350435,0.00969802282440239
7,yes,JointG,0.0142711614942594,0.107511307236706,1.10825892350435,0.00969802282440239
