Trial,Condition,primary.AOI,prop,max_prop,sum_prop,min_prop
1,static,AB,0.101892181420381,0.259621805788192,1.04541086506578,0.0169491525423729
1,static,AC,0.112107920271244,0.259621805788192,1.04541086506578,0.0169491525423729
1,static,BC,0.259621805788192,0.259621805788192,1.04541086506578,0.0169491525423729
1,static,BD,0.139349911179301,0.259621805788192,1.04541086506578,0.0169491525423729
1,static,CD,0.0557642879559648,0.259621805788192,1.04541086506578,0.0169491525423729
1,static,DE,0.0169491525423729,0.259621805788192,1.04541086506578,0.0169491525423729
1,static,JointA,0.0298590527734202,0.259621805788192,1.04541086506578,0.0169491525423729
1,static,JointB,0.155424745259209,0.259621805788192,1.04541086506578,0.0169491525423729
1,static,JointC,0.133743296699089,0.259621805788192,1.04541086506578,0.0169491525423729
1,static,JointD,0.0406985111766035,0.259621805788192,1.04541086506578,0.0169491525423729
1,tangible,AB,0.0961959055772497,0.282394096291122,1.06131868358962,0.0376008714461014
1,tangible,AC,0.125572510721749,0.282394096291122,1.06131868358962,0.0376008714461014
1,tangible,BC,0.282394096291122,0.282394096291122,1.06131868358962,0.0376008714461014
1,tangible,BD,0.134186200945502,0.282394096291122,1.06131868358962,0.0376008714461014
1,tangible,CD,0.0594556143579913,0.282394096291122,1.06131868358962,0.0376008714461014
1,tangible,JointA,0.0376008714461014,0.282394096291122,1.06131868358962,0.0376008714461014
1,tangible,JointB,0.17118397813635,0.282394096291122,1.06131868358962,0.0376008714461014
1,tangible,JointC,0.115197680912334,0.282394096291122,1.06131868358962,0.0376008714461014
1,tangible,JointD,0.0395318252012229,0.282394096291122,1.06131868358962,0.0376008714461014
2,static,AB,0.0169402729886601,0.185402484481975,1.10492365537862,0.0131320195470939
2,static,AC,0.0179118187385181,0.185402484481975,1.10492365537862,0.0131320195470939
2,static,AD,0.0258854263849412,0.185402484481975,1.10492365537862,0.0131320195470939
2,static,BC,0.039220191196425,0.185402484481975,1.10492365537862,0.0131320195470939
2,static,BD,0.139769847437039,0.185402484481975,1.10492365537862,0.0131320195470939
2,static,CD,0.185402484481975,0.185402484481975,1.10492365537862,0.0131320195470939
2,static,CE,0.0356674392966061,0.185402484481975,1.10492365537862,0.0131320195470939
2,static,DE,0.0641295444213534,0.185402484481975,1.10492365537862,0.0131320195470939
2,static,DF,0.089626255736301,0.185402484481975,1.10492365537862,0.0131320195470939
2,static,EF,0.0265719742297374,0.185402484481975,1.10492365537862,0.0131320195470939
2,static,JointA,0.0131320195470939,0.185402484481975,1.10492365537862,0.0131320195470939
2,static,JointB,0.090891443548758,0.185402484481975,1.10492365537862,0.0131320195470939
2,static,JointC,0.0931089695136787,0.185402484481975,1.10492365537862,0.0131320195470939
2,static,JointD,0.156660587611815,0.185402484481975,1.10492365537862,0.0131320195470939
2,static,JointE,0.0468628504786998,0.185402484481975,1.10492365537862,0.0131320195470939
2,static,JointF,0.0631425297670153,0.185402484481975,1.10492365537862,0.0131320195470939
2,tangible,AB,0.0184732466585552,0.228037473737635,1.08261454528367,0.00884955752212389
2,tangible,AD,0.024491594376053,0.228037473737635,1.08261454528367,0.00884955752212389
2,tangible,BC,0.0481128007485084,0.228037473737635,1.08261454528367,0.00884955752212389
2,tangible,BD,0.129267131546422,0.228037473737635,1.08261454528367,0.00884955752212389
2,tangible,CD,0.228037473737635,0.228037473737635,1.08261454528367,0.00884955752212389
2,tangible,CE,0.0582119209742713,0.228037473737635,1.08261454528367,0.00884955752212389
2,tangible,DE,0.056378471438552,0.228037473737635,1.08261454528367,0.00884955752212389
2,tangible,DF,0.0928392081865593,0.228037473737635,1.08261454528367,0.00884955752212389
2,tangible,EF,0.025923498281049,0.228037473737635,1.08261454528367,0.00884955752212389
2,tangible,JointA,0.00884955752212389,0.228037473737635,1.08261454528367,0.00884955752212389
2,tangible,JointB,0.0606628402156287,0.228037473737635,1.08261454528367,0.00884955752212389
2,tangible,JointC,0.116836457934378,0.228037473737635,1.08261454528367,0.00884955752212389
2,tangible,JointD,0.114243545784156,0.228037473737635,1.08261454528367,0.00884955752212389
2,tangible,JointE,0.0665878190910074,0.228037473737635,1.08261454528367,0.00884955752212389
2,tangible,JointF,0.0336989787887664,0.228037473737635,1.08261454528367,0.00884955752212389
3,static,AB,0.079551275129574,0.14696142575586,1.0534546602848,0.011287254280279
3,static,AD,0.0174083716664338,0.14696142575586,1.0534546602848,0.011287254280279
3,static,BC,0.0454003467839993,0.14696142575586,1.0534546602848,0.011287254280279
3,static,BD,0.0321672097134076,0.14696142575586,1.0534546602848,0.011287254280279
3,static,CD,0.0582914727845164,0.14696142575586,1.0534546602848,0.011287254280279
3,static,CE,0.14696142575586,0.14696142575586,1.0534546602848,0.011287254280279
3,static,CF,0.0499106339834393,0.14696142575586,1.0534546602848,0.011287254280279
3,static,DE,0.0287920301895643,0.14696142575586,1.0534546602848,0.011287254280279
3,static,DF,0.011287254280279,0.14696142575586,1.0534546602848,0.011287254280279
3,static,EF,0.128493593607584,0.14696142575586,1.0534546602848,0.011287254280279
3,static,EG,0.0310486350570639,0.14696142575586,1.0534546602848,0.011287254280279
3,static,FG,0.0408262420473385,0.14696142575586,1.0534546602848,0.011287254280279
3,static,JointA,0.0190765626207072,0.14696142575586,1.0534546602848,0.011287254280279
3,static,JointB,0.0594151310481332,0.14696142575586,1.0534546602848,0.011287254280279
3,static,JointC,0.0790464136299612,0.14696142575586,1.0534546602848,0.011287254280279
3,static,JointD,0.0273920647779817,0.14696142575586,1.0534546602848,0.011287254280279
3,static,JointE,0.0875165853278032,0.14696142575586,1.0534546602848,0.011287254280279
3,static,JointF,0.0791567838711352,0.14696142575586,1.0534546602848,0.011287254280279
3,static,JointG,0.0317126280100208,0.14696142575586,1.0534546602848,0.011287254280279
3,tangible,AB,0.0833652967994815,0.161876551556575,1.20394494194702,0.0156364996101767
3,tangible,AC,0.1,0.161876551556575,1.20394494194702,0.0156364996101767
3,tangible,AD,0.0156364996101767,0.161876551556575,1.20394494194702,0.0156364996101767
3,tangible,BC,0.0593512570482943,0.161876551556575,1.20394494194702,0.0156364996101767
3,tangible,BD,0.0454621161170966,0.161876551556575,1.20394494194702,0.0156364996101767
3,tangible,CD,0.0711022775965552,0.161876551556575,1.20394494194702,0.0156364996101767
3,tangible,CE,0.161876551556575,0.161876551556575,1.20394494194702,0.0156364996101767
3,tangible,CF,0.0571388644108452,0.161876551556575,1.20394494194702,0.0156364996101767
3,tangible,DE,0.0294426995599638,0.161876551556575,1.20394494194702,0.0156364996101767
3,tangible,EF,0.118887872222597,0.161876551556575,1.20394494194702,0.0156364996101767
3,tangible,EG,0.0267854463196684,0.161876551556575,1.20394494194702,0.0156364996101767
3,tangible,FG,0.0205583747337316,0.161876551556575,1.20394494194702,0.0156364996101767
3,tangible,JointA,0.0218375602514986,0.161876551556575,1.20394494194702,0.0156364996101767
3,tangible,JointB,0.0809772820646373,0.161876551556575,1.20394494194702,0.0156364996101767
3,tangible,JointC,0.106739341353259,0.161876551556575,1.20394494194702,0.0156364996101767
3,tangible,JointD,0.0498693884367212,0.161876551556575,1.20394494194702,0.0156364996101767
3,tangible,JointE,0.0636942902540221,0.161876551556575,1.20394494194702,0.0156364996101767
3,tangible,JointF,0.0716102777012779,0.161876551556575,1.20394494194702,0.0156364996101767
3,tangible,JointG,0.0196095459106169,0.161876551556575,1.20394494194702,0.0156364996101767
4,static,AB,0.0972831765966581,0.160221021614316,1.10677258378899,0.0132098130039458
4,static,AC,0.0132098130039458,0.160221021614316,1.10677258378899,0.0132098130039458
4,static,AD,0.0227112702191428,0.160221021614316,1.10677258378899,0.0132098130039458
4,static,BC,0.040962435881696,0.160221021614316,1.10677258378899,0.0132098130039458
4,static,BD,0.15525556831886,0.160221021614316,1.10677258378899,0.0132098130039458
4,static,BE,0.0712390656066864,0.160221021614316,1.10677258378899,0.0132098130039458
4,static,CE,0.0411541254476145,0.160221021614316,1.10677258378899,0.0132098130039458
4,static,CF,0.0211270249975773,0.160221021614316,1.10677258378899,0.0132098130039458
4,static,DE,0.023022167280094,0.160221021614316,1.10677258378899,0.0132098130039458
4,static,EF,0.0450905732900159,0.160221021614316,1.10677258378899,0.0132098130039458
4,static,EG,0.0251703864713523,0.160221021614316,1.10677258378899,0.0132098130039458
4,static,FG,0.0853570204104883,0.160221021614316,1.10677258378899,0.0132098130039458
4,static,FH,0.0257542936790436,0.160221021614316,1.10677258378899,0.0132098130039458
4,static,GH,0.0216935369773982,0.160221021614316,1.10677258378899,0.0132098130039458
4,static,JointA,0.0209045008534525,0.160221021614316,1.10677258378899,0.0132098130039458
4,static,JointB,0.160221021614316,0.160221021614316,1.10677258378899,0.0132098130039458
4,static,JointC,0.022878763999123,0.160221021614316,1.10677258378899,0.0132098130039458
4,static,JointD,0.0714677521369204,0.160221021614316,1.10677258378899,0.0132098130039458
4,static,JointE,0.0524272047588633,0.160221021614316,1.10677258378899,0.0132098130039458
4,static,JointF,0.0364833996247846,0.160221021614316,1.10677258378899,0.0132098130039458
4,static,JointG,0.0363967064503573,0.160221021614316,1.10677258378899,0.0132098130039458
4,static,JointH,0.016962776170605,0.160221021614316,1.10677258378899,0.0132098130039458
4,tangible,AB,0.14077919767352,0.198758384222302,1.27227437998718,0.00578034682080925
4,tangible,AC,0.00578034682080925,0.198758384222302,1.27227437998718,0.00578034682080925
4,tangible,AD,0.0266348926567713,0.198758384222302,1.27227437998718,0.00578034682080925
4,tangible,BC,0.0220338631665989,0.198758384222302,1.27227437998718,0.00578034682080925
4,tangible,BD,0.198758384222302,0.198758384222302,1.27227437998718,0.00578034682080925
4,tangible,BE,0.0699880084974163,0.198758384222302,1.27227437998718,0.00578034682080925
4,tangible,CD,0.0344827586206897,0.198758384222302,1.27227437998718,0.00578034682080925
4,tangible,CE,0.0368741471716242,0.198758384222302,1.27227437998718,0.00578034682080925
4,tangible,CF,0.026127017411092,0.198758384222302,1.27227437998718,0.00578034682080925
4,tangible,DE,0.0229266312869627,0.198758384222302,1.27227437998718,0.00578034682080925
4,tangible,DF,0.0919540229885057,0.198758384222302,1.27227437998718,0.00578034682080925
4,tangible,EF,0.0501205045643575,0.198758384222302,1.27227437998718,0.00578034682080925
4,tangible,EG,0.00912307354720353,0.198758384222302,1.27227437998718,0.00578034682080925
4,tangible,FG,0.0918471728457991,0.198758384222302,1.27227437998718,0.00578034682080925
4,tangible,FH,0.0166774375909729,0.198758384222302,1.27227437998718,0.00578034682080925
4,tangible,GH,0.0197260307176651,0.198758384222302,1.27227437998718,0.00578034682080925
4,tangible,JointA,0.0168892062947217,0.198758384222302,1.27227437998718,0.00578034682080925
4,tangible,JointB,0.192482223809352,0.198758384222302,1.27227437998718,0.00578034682080925
4,tangible,JointC,0.0186753184367381,0.198758384222302,1.27227437998718,0.00578034682080925
4,tangible,JointD,0.0444084160793631,0.198758384222302,1.27227437998718,0.00578034682080925
4,tangible,JointE,0.0515889731706205,0.198758384222302,1.27227437998718,0.00578034682080925
4,tangible,JointF,0.0534398380846402,0.198758384222302,1.27227437998718,0.00578034682080925
4,tangible,JointG,0.0218743382095756,0.198758384222302,1.27227437998718,0.00578034682080925
4,tangible,JointH,0.00908257611987885,0.198758384222302,1.27227437998718,0.00578034682080925
5,static,AB,0.015230868137297,0.175732611302357,1.11412858957881,0.0135268732252201
5,static,AD,0.0161411674773646,0.175732611302357,1.11412858957881,0.0135268732252201
5,static,BC,0.0334041641116221,0.175732611302357,1.11412858957881,0.0135268732252201
5,static,BD,0.030040895119695,0.175732611302357,1.11412858957881,0.0135268732252201
5,static,BE,0.0501558618586863,0.175732611302357,1.11412858957881,0.0135268732252201
5,static,CE,0.172308242882918,0.175732611302357,1.11412858957881,0.0135268732252201
5,static,CF,0.111739209990736,0.175732611302357,1.11412858957881,0.0135268732252201
5,static,DE,0.123838360543889,0.175732611302357,1.11412858957881,0.0135268732252201
5,static,EF,0.0386749873621707,0.175732611302357,1.11412858957881,0.0135268732252201
5,static,EG,0.0458232704780652,0.175732611302357,1.11412858957881,0.0135268732252201
5,static,FG,0.0282187419211682,0.175732611302357,1.11412858957881,0.0135268732252201
5,static,FH,0.0229861590690164,0.175732611302357,1.11412858957881,0.0135268732252201
5,static,GH,0.0205639510510035,0.175732611302357,1.11412858957881,0.0135268732252201
5,static,JointA,0.0204081632653061,0.175732611302357,1.11412858957881,0.0135268732252201
5,static,JointB,0.0198313693348701,0.175732611302357,1.11412858957881,0.0135268732252201
5,static,JointC,0.0596117479220451,0.175732611302357,1.11412858957881,0.0135268732252201
5,static,JointD,0.03517554223665,0.175732611302357,1.11412858957881,0.0135268732252201
5,static,JointE,0.175732611302357,0.175732611302357,1.11412858957881,0.0135268732252201
5,static,JointF,0.0484712780974073,0.175732611302357,1.11412858957881,0.0135268732252201
5,static,JointG,0.0135268732252201,0.175732611302357,1.11412858957881,0.0135268732252201
5,static,JointH,0.0322451241913225,0.175732611302357,1.11412858957881,0.0135268732252201
5,tangible,AB,0.0174395367903259,0.216793132407993,1.28368157744254,0.0165610296651494
5,tangible,AD,0.0386261125824714,0.216793132407993,1.28368157744254,0.0165610296651494
5,tangible,BC,0.048255691316348,0.216793132407993,1.28368157744254,0.0165610296651494
5,tangible,BD,0.0182635080298536,0.216793132407993,1.28368157744254,0.0165610296651494
5,tangible,BE,0.0358841095325258,0.216793132407993,1.28368157744254,0.0165610296651494
5,tangible,CD,0.0731707317073171,0.216793132407993,1.28368157744254,0.0165610296651494
5,tangible,CE,0.216793132407993,0.216793132407993,1.28368157744254,0.0165610296651494
5,tangible,CF,0.1387875061816,0.216793132407993,1.28368157744254,0.0165610296651494
5,tangible,DE,0.113893724421385,0.216793132407993,1.28368157744254,0.0165610296651494
5,tangible,EF,0.0532264856842881,0.216793132407993,1.28368157744254,0.0165610296651494
5,tangible,EG,0.0317369962554509,0.216793132407993,1.28368157744254,0.0165610296651494
5,tangible,FG,0.0373114786877853,0.216793132407993,1.28368157744254,0.0165610296651494
5,tangible,FH,0.0370753017807971,0.216793132407993,1.28368157744254,0.0165610296651494
5,tangible,GH,0.0242973599696289,0.216793132407993,1.28368157744254,0.0165610296651494
5,tangible,JointA,0.0165610296651494,0.216793132407993,1.28368157744254,0.0165610296651494
5,tangible,JointB,0.0275835960995001,0.216793132407993,1.28368157744254,0.0165610296651494
5,tangible,JointC,0.0982385985519851,0.216793132407993,1.28368157744254,0.0165610296651494
5,tangible,JointD,0.026901598064212,0.216793132407993,1.28368157744254,0.0165610296651494
5,tangible,JointE,0.121699203404786,0.216793132407993,1.28368157744254,0.0165610296651494
5,tangible,JointF,0.0558219665384319,0.216793132407993,1.28368157744254,0.0165610296651494
5,tangible,JointG,0.0270339290604714,0.216793132407993,1.28368157744254,0.0165610296651494
5,tangible,JointH,0.0250799807102328,0.216793132407993,1.28368157744254,0.0165610296651494
6,static,AB,0.0162980803758377,0.133745932036236,1.05876450052861,0.00936664662475479
6,static,AD,0.0145965051433598,0.133745932036236,1.05876450052861,0.00936664662475479
6,static,BC,0.10635829150992,0.133745932036236,1.05876450052861,0.00936664662475479
6,static,BD,0.0429021676023113,0.133745932036236,1.05876450052861,0.00936664662475479
6,static,CD,0.0798159083288204,0.133745932036236,1.05876450052861,0.00936664662475479
6,static,CE,0.133745932036236,0.133745932036236,1.05876450052861,0.00936664662475479
6,static,CF,0.055603333707817,0.133745932036236,1.05876450052861,0.00936664662475479
6,static,DE,0.0589738551611409,0.133745932036236,1.05876450052861,0.00936664662475479
6,static,EF,0.0597705986959908,0.133745932036236,1.05876450052861,0.00936664662475479
6,static,EG,0.0164710421619456,0.133745932036236,1.05876450052861,0.00936664662475479
6,static,FG,0.0390738218220085,0.133745932036236,1.05876450052861,0.00936664662475479
6,static,HL,0.0101010101010101,0.133745932036236,1.05876450052861,0.00936664662475479
6,static,JointA,0.00936664662475479,0.133745932036236,1.05876450052861,0.00936664662475479
6,static,JointB,0.0737066900143081,0.133745932036236,1.05876450052861,0.00936664662475479
6,static,JointC,0.125426207802242,0.133745932036236,1.05876450052861,0.00936664662475479
6,static,JointD,0.0472367435816642,0.133745932036236,1.05876450052861,0.00936664662475479
6,static,JointE,0.0855895224780389,0.133745932036236,1.05876450052861,0.00936664662475479
6,static,JointF,0.0659675467256173,0.133745932036236,1.05876450052861,0.00936664662475479
6,static,JointG,0.0177605966555848,0.133745932036236,1.05876450052861,0.00936664662475479
6,tangible,AB,0.0190900449373913,0.125408406266899,1.12108914825244,0.0168425540248674
6,tangible,AD,0.0194412901856775,0.125408406266899,1.12108914825244,0.0168425540248674
6,tangible,BC,0.125408406266899,0.125408406266899,1.12108914825244,0.0168425540248674
6,tangible,BD,0.0567008414402375,0.125408406266899,1.12108914825244,0.0168425540248674
6,tangible,BE,0.0340136054421769,0.125408406266899,1.12108914825244,0.0168425540248674
6,tangible,CD,0.0565845107630014,0.125408406266899,1.12108914825244,0.0168425540248674
6,tangible,CE,0.120142559374561,0.125408406266899,1.12108914825244,0.0168425540248674
6,tangible,CF,0.0654963478518787,0.125408406266899,1.12108914825244,0.0168425540248674
6,tangible,DE,0.105453678245048,0.125408406266899,1.12108914825244,0.0168425540248674
6,tangible,EF,0.0510235635053968,0.125408406266899,1.12108914825244,0.0168425540248674
6,tangible,EG,0.0237301594358038,0.125408406266899,1.12108914825244,0.0168425540248674
6,tangible,FG,0.0216116335545986,0.125408406266899,1.12108914825244,0.0168425540248674
6,tangible,JointA,0.0168425540248674,0.125408406266899,1.12108914825244,0.0168425540248674
6,tangible,JointB,0.106736846983789,0.125408406266899,1.12108914825244,0.0168425540248674
6,tangible,JointC,0.0697365239737501,0.125408406266899,1.12108914825244,0.0168425540248674
6,tangible,JointD,0.0606222183594975,0.125408406266899,1.12108914825244,0.0168425540248674
6,tangible,JointE,0.0552232660918431,0.125408406266899,1.12108914825244,0.0168425540248674
6,tangible,JointF,0.0921761107875188,0.125408406266899,1.12108914825244,0.0168425540248674
6,tangible,JointG,0.0210549870285025,0.125408406266899,1.12108914825244,0.0168425540248674
7,static,AB,0.023216482420456,0.125110104745124,1.06826797986593,0.0108200181857597
7,static,AD,0.0880520821186266,0.125110104745124,1.06826797986593,0.0108200181857597
7,static,BC,0.0440669760058968,0.125110104745124,1.06826797986593,0.0108200181857597
7,static,BD,0.0684068194805562,0.125110104745124,1.06826797986593,0.0108200181857597
7,static,CD,0.0404040121764695,0.125110104745124,1.06826797986593,0.0108200181857597
7,static,CE,0.0455761814869906,0.125110104745124,1.06826797986593,0.0108200181857597
7,static,CF,0.0793680741973432,0.125110104745124,1.06826797986593,0.0108200181857597
7,static,DE,0.125110104745124,0.125110104745124,1.06826797986593,0.0108200181857597
7,static,EF,0.0697981579210549,0.125110104745124,1.06826797986593,0.0108200181857597
7,static,EG,0.0513314768949979,0.125110104745124,1.06826797986593,0.0108200181857597
7,static,FG,0.0205719774494044,0.125110104745124,1.06826797986593,0.0108200181857597
7,static,JointA,0.0108200181857597,0.125110104745124,1.06826797986593,0.0108200181857597
7,static,JointB,0.0805158268815108,0.125110104745124,1.06826797986593,0.0108200181857597
7,static,JointC,0.0394797644457416,0.125110104745124,1.06826797986593,0.0108200181857597
7,static,JointD,0.0827681749447888,0.125110104745124,1.06826797986593,0.0108200181857597
7,static,JointE,0.0822911727125084,0.125110104745124,1.06826797986593,0.0108200181857597
7,static,JointF,0.0941635509254673,0.125110104745124,1.06826797986593,0.0108200181857597
7,static,JointG,0.0223271268732297,0.125110104745124,1.06826797986593,0.0108200181857597
7,tangible,AB,0.022406783016853,0.111423641848346,1.09797417551929,0.0113698325417181
7,tangible,AD,0.0662664884673302,0.111423641848346,1.09797417551929,0.0113698325417181
7,tangible,BC,0.0439026790479027,0.111423641848346,1.09797417551929,0.0113698325417181
7,tangible,BD,0.089259981898586,0.111423641848346,1.09797417551929,0.0113698325417181
7,tangible,BE,0.0465116279069767,0.111423641848346,1.09797417551929,0.0113698325417181
7,tangible,CD,0.0401044350082349,0.111423641848346,1.09797417551929,0.0113698325417181
7,tangible,CE,0.0440218325584474,0.111423641848346,1.09797417551929,0.0113698325417181
7,tangible,CF,0.103008029960734,0.111423641848346,1.09797417551929,0.0113698325417181
7,tangible,DE,0.0920263526575058,0.111423641848346,1.09797417551929,0.0113698325417181
7,tangible,EF,0.0671384782048368,0.111423641848346,1.09797417551929,0.0113698325417181
7,tangible,EG,0.025579657382682,0.111423641848346,1.09797417551929,0.0113698325417181
7,tangible,FG,0.0215196928451611,0.111423641848346,1.09797417551929,0.0113698325417181
7,tangible,JointA,0.0113698325417181,0.111423641848346,1.09797417551929,0.0113698325417181
7,tangible,JointB,0.111423641848346,0.111423641848346,1.09797417551929,0.0113698325417181
7,tangible,JointC,0.0362189903291966,0.111423641848346,1.09797417551929,0.0113698325417181
7,tangible,JointD,0.0871144638329533,0.111423641848346,1.09797417551929,0.0113698325417181
7,tangible,JointE,0.0591849364614002,0.111423641848346,1.09797417551929,0.0113698325417181
7,tangible,JointF,0.108611078341525,0.111423641848346,1.09797417551929,0.0113698325417181
7,tangible,JointG,0.022305193208903,0.111423641848346,1.09797417551929,0.0113698325417181
